$ANSIBLE_VAULT;1.1;AES256
32316437336131313764303137343935323864333037613030643633383663346536646566613433
3666636632376639373563666166386664383361393134320a653763653663316536623033313633
38643735396232313133363531646634303265346231333231393537623165666235353831663862
3634616566373033610a313163353034623638363665333635326438613538623432666632313938
62343132333466653763653238383265353536313063633033666231393065393830666166623634
34333734633631666662336632323039633231623164326139303632363337366138626466333638
39316434613164316364333732623164633638633162613034643739306137636536656262653139
36616236363639396239373864613965383531383333646331303338663333396438383738613564
65366661396335383461633965376431643632313361363866653533373265346638353439353961
62376162623064343464663032346431356534376238646665623066613237313834663732376436
39396538353363386331366532623965663064326264343031656266303834376563323230323261
31666131393666653930
